0 0 0
0 -2 0
-2 -2 0
-2 -2 2
-4 -2 2
-6 -2 2
-6 -4 2
-6 -4 0
-6 -6 0
-8 -6 0
-10 -6 0
-12 -6 0
-12 -6 2
-14 -6 2
-14 -6 4
-14 -6 6
-16 -6 6
-18 -6 6
-18 -8 6
-18 -8 8
-18 -10 8
-18 -10 6
-20 -10 6
-22 -10 6
-22 -12 6
-20 -12 6
-18 -12 6
-18 -12 8
-18 -12 10
-16 -12 10
-14 -12 10
-14 -12 8
-14 -10 8
-14 -10 6
-14 -8 6
-12 -8 6
-12 -8 4
-12 -10 4
-10 -10 4
-10 -10 6
-10 -10 8
-10 -10 10
-8 -10 10
-8 -12 10
-8 -12 12
-8 -12 14
-6 -12 14
-4 -12 14
-2 -12 14
-2 -12 16
-4 -12 16
-4 -14 16
-4 -16 16
-4 -18 16
-2 -18 16
-2 -20 16
0 -20 16
0 -20 18
0 -18 18
0 -16 18
2 -16 18
2 -16 20
2 -16 22
2 -18 22
2 -18 20
2 -20 20
4 -20 20
6 -20 20
6 -20 22
6 -22 22
4 -22 22
4 -22 20
4 -24 20
4 -26 20
4 -28 20
4 -30 20
6 -30 20
6 -32 20
6 -34 20
8 -34 20
8 -34 22
8 -36 22
8 -38 22
8 -38 24
8 -40 24
8 -40 22
8 -40 20
10 -40 20
12 -40 20
12 -40 22
12 -42 22
12 -42 20
14 -42 20
14 -44 20
12 -44 20
10 -44 20
10 -44 22
10 -42 22
8 -42 22
8 -42 24
8 -42 26
8 -44 26
10 -44 26
10 -42 26
10 -42 24
12 -42 24
12 -42 26
12 -44 26
14 -44 26
14 -46 26
14 -46 24
16 -46 24
16 -44 24
14 -44 24
12 -44 24
12 -44 22
12 -46 22
12 -48 22
12 -48 20
12 -48 18
12 -48 16
10 -48 16
10 -50 16
10 -50 18
8 -50 18
6 -50 18
6 -48 18
6 -48 20
6 -46 20
4 -46 20
4 -46 18
2 -46 18
0 -46 18
0 -48 18
0 -48 20
2 -48 20
4 -48 20
4 -48 22
4 -50 22
2 -50 22
2 -50 24
2 -52 24
4 -52 24
4 -50 24
4 -50 26
6 -50 26
6 -50 24
6 -48 24
8 -48 24
8 -50 24
8 -50 26
8 -50 28
8 -48 28
6 -48 28
6 -46 28
6 -44 28
6 -44 30
4 -44 30
4 -42 30
4 -40 30
2 -40 30
2 -40 32
0 -40 32
-2 -40 32
-2 -40 30
-4 -40 30
-6 -40 30
-6 -40 32
-6 -42 32
-6 -42 34
-6 -42 36
-6 -42 38
-8 -42 38
-8 -42 36
-10 -42 36
-10 -42 38
-12 -42 38
-12 -40 38
-12 -38 38
-10 -38 38
-10 -36 38
-12 -36 38
-12 -34 38
-12 -32 38
-12 -32 36
-10 -32 36
-10 -32 38
-8 -32 38
-8 -30 38
-10 -30 38
-12 -30 38
-12 -30 36
-14 -30 36
-16 -30 36
-16 -30 34
-16 -30 32
-14 -30 32
-12 -30 32
-12 -30 30
-12 -28 30
-12 -26 30
-12 -24 30
-14 -24 30
-14 -26 30
-14 -26 28
-14 -28 28
-14 -28 30
-16 -28 30
-16 -30 30
-14 -30 30
-14 -32 30
-12 -32 30
-12 -32 28
-14 -32 28
-16 -32 28
-16 -32 30
-16 -32 32
-16 -34 32
-14 -34 32
-14 -36 32
-14 -36 30
-14 -34 30
-16 -34 30
-16 -36 30
-16 -36 32
-18 -36 32
-18 -38 32
-18 -38 30
-18 -38 28
-20 -38 28
-20 -36 28
-20 -36 26
-20 -34 26
-20 -34 24
-20 -34 22
-20 -34 20
-22 -34 20
-22 -34 22
-24 -34 22
-26 -34 22
-26 -36 22
-26 -36 20
-28 -36 20
-30 -36 20
-30 -36 18
-32 -36 18
-32 -34 18
-32 -34 20
-30 -34 20
-28 -34 20
-26 -34 20
-24 -34 20
-24 -32 20
-24 -30 20
-22 -30 20
-20 -30 20
-20 -30 18
-20 -32 18
-22 -32 18
-22 -32 20
-22 -32 22
-24 -32 22
-24 -32 24
-24 -30 24
-24 -30 22
-24 -28 22
-24 -26 22
-24 -26 24
-24 -24 24
-26 -24 24
-26 -26 24
-26 -28 24
-26 -28 22
-26 -30 22
-26 -32 22
-26 -32 24
-26 -34 24
-26 -36 24
-26 -36 26
-26 -38 26
-28 -38 26
-28 -38 28
-28 -40 28
-28 -40 26
-28 -42 26
-28 -44 26
-30 -44 26
-30 -42 26
-30 -42 28
-28 -42 28
-26 -42 28
-26 -42 30
-24 -42 30
-24 -44 30
-22 -44 30
-20 -44 30
-20 -46 30
-22 -46 30
-22 -46 32
-22 -48 32
-22 -50 32
-20 -50 32
-20 -50 30
-20 -48 30
-22 -48 30
-22 -48 28
-24 -48 28
-26 -48 28
-26 -48 26
-26 -46 26
-24 -46 26
-24 -46 28
-26 -46 28
-26 -44 28
-26 -44 30
-28 -44 30
-28 -44 28
-30 -44 28
-30 -44 30
-30 -44 32
-30 -44 34
-32 -44 34
-32 -44 36
-32 -42 36
-30 -42 36
-28 -42 36
-28 -44 36
-30 -44 36
-30 -44 38
-28 -44 38
-26 -44 38
-24 -44 38
-24 -42 38
-24 -40 38
-22 -40 38
-22 -40 36
-20 -40 36
-20 -38 36
-20 -38 38
-20 -36 38
-20 -36 40
-18 -36 40
-18 -38 40
-16 -38 40
-16 -38 38
-16 -36 38
-16 -36 36
-18 -36 36
-18 -36 38
-18 -34 38
-18 -34 40
-18 -32 40
-18 -30 40
-18 -28 40
-20 -28 40
-20 -30 40
-22 -30 40
-22 -30 38
-22 -28 38
-22 -26 38
-24 -26 38
-26 -26 38
-26 -24 38
-24 -24 38
-24 -24 36
-26 -24 36
-28 -24 36
-28 -24 34
-28 -22 34
-28 -22 36
-28 -22 38
-30 -22 38
-30 -22 40
-30 -24 40
-28 -24 40
-28 -24 38
-28 -26 38
-28 -28 38
-28 -28 40
-28 -30 40
-30 -30 40
-30 -30 42
-30 -30 44
-30 -32 44
-30 -34 44
-32 -34 44
-32 -36 44
-32 -36 46
-30 -36 46
-30 -34 46
-30 -34 48
-30 -36 48
-30 -38 48
-32 -38 48
-32 -36 48
-32 -34 48
-32 -32 48
-32 -30 48
-32 -28 48
-32 -26 48
-32 -26 46
-34 -26 46
-34 -26 48
-34 -28 48
-34 -30 48
-34 -30 46
-34 -32 46
-36 -32 46
-38 -32 46
-38 -32 48
-36 -32 48
-36 -34 48
-36 -34 50
-36 -34 52
-38 -34 52
-38 -34 50
-38 -32 50
-38 -30 50
-38 -28 50
-36 -28 50
-36 -28 52
-38 -28 52
-40 -28 52
-40 -28 50
-40 -26 50
-40 -26 52
-38 -26 52
-36 -26 52
-36 -24 52
-34 -24 52
-32 -24 52
-32 -26 52
-34 -26 52
-34 -26 50
-32 -26 50
-30 -26 50
-30 -26 48
-28 -26 48
-26 -26 48
-26 -26 46
-28 -26 46
-28 -28 46
-28 -28 48
-30 -28 48
-30 -30 48
-30 -32 48
-30 -32 46
-32 -32 46
-32 -32 44
-32 -32 42
-32 -32 40
-32 -30 40
-32 -28 40
-32 -26 40
-32 -26 42
-30 -26 42
-30 -28 42
-28 -28 42
-28 -28 44
-30 -28 44
-30 -26 44
-28 -26 44
-28 -24 44
-28 -24 46
-28 -22 46
-28 -22 44
-28 -22 42
-28 -24 42
-26 -24 42
-24 -24 42
-24 -24 44
-24 -26 44
-26 -26 44
-26 -26 42
-28 -26 42
-28 -26 40
-30 -26 40
-30 -28 40
-30 -28 38
-30 -28 36
-32 -28 36
-32 -28 34
-32 -28 32
-32 -30 32
-32 -32 32
-30 -32 32
-28 -32 32
-26 -32 32
-24 -32 32
-24 -30 32
-26 -30 32
-26 -30 34
-26 -30 36
-26 -30 38
-24 -30 38
-24 -30 40
-26 -30 40
-26 -32 40
-26 -32 42
-24 -32 42
-22 -32 42
-22 -34 42
-22 -36 42
-22 -36 44
-20 -36 44
-18 -36 44
-16 -36 44
-14 -36 44
-14 -38 44
-14 -40 44
-14 -40 42
-12 -40 42
-10 -40 42
-10 -40 40
-10 -38 40
-12 -38 40
-12 -38 42
-10 -38 42
-10 -36 42
-12 -36 42
-14 -36 42
-14 -36 40
-16 -36 40
-16 -36 42
-16 -34 42
-16 -32 42
-16 -30 42
-14 -30 42
-14 -28 42
-12 -28 42
-12 -26 42
-12 -26 40
-10 -26 40
-10 -24 40
-10 -22 40
-10 -22 42
-10 -20 42
-10 -18 42
-10 -18 44
-10 -18 46
-10 -16 46
-12 -16 46
-14 -16 46
-14 -18 46
-16 -18 46
-16 -18 48
-16 -20 48
-14 -20 48
-14 -22 48
-14 -22 50
-14 -22 52
-12 -22 52
-12 -22 50
-12 -24 50
-12 -26 50
-12 -26 52
-12 -26 54
-12 -28 54
-12 -28 56
-14 -28 56
-14 -26 56
-16 -26 56
-16 -24 56
-16 -24 58
-16 -22 58
-14 -22 58
-14 -24 58
-14 -24 60
-16 -24 60
-16 -26 60
-16 -28 60
-14 -28 60
-14 -28 62
-14 -30 62
-14 -32 62
-14 -32 64
-16 -32 64
-16 -30 64
-16 -30 66
-16 -30 68
-18 -30 68
-18 -30 66
-20 -30 66
-20 -30 64
-20 -28 64
-20 -26 64
-20 -26 66
-20 -28 66
-20 -28 68
-18 -28 68
-18 -28 66
-16 -28 66
-16 -28 64
-14 -28 64
-14 -26 64
-12 -26 64
-12 -28 64
-10 -28 64
-8 -28 64
-6 -28 64
-4 -28 64
-4 -26 64
-4 -26 66
-4 -26 68
-6 -26 68
-6 -28 68
-8 -28 68
-8 -28 66
-10 -28 66
-12 -28 66
-12 -30 66
-12 -30 64
-14 -30 64
-14 -30 66
-14 -32 66
-12 -32 66
-12 -32 68
-12 -30 68
-12 -30 70
-12 -30 72
-10 -30 72
-8 -30 72
-8 -32 72
-8 -34 72
-8 -34 70
-8 -36 70
-8 -36 72
-10 -36 72
-10 -38 72
-10 -38 74
-12 -38 74
-14 -38 74
-14 -38 72
-14 -38 70
-14 -36 70
-12 -36 70
-12 -38 70
-12 -38 68
-14 -38 68
-14 -36 68
-14 -36 66
-12 -36 66
-12 -34 66
-12 -34 64
-12 -34 62
-12 -34 60
-14 -34 60
-14 -36 60
-14 -36 62
-14 -36 64
-12 -36 64
-12 -36 62
-10 -36 62
-10 -34 62
-10 -34 60
-10 -32 60
-12 -32 60
-14 -32 60
-14 -30 60
-12 -30 60
-12 -30 62
-12 -32 62
-12 -32 64
-10 -32 64
-8 -32 64
-8 -32 62
-8 -32 60
-8 -34 60
-8 -36 60
-10 -36 60
-10 -36 58
-8 -36 58
-6 -36 58
-6 -36 60
-6 -34 60
-6 -32 60
-6 -32 62
-6 -34 62
-8 -34 62
-8 -34 64
-6 -34 64
-4 -34 64
-4 -34 62
-4 -36 62
-4 -38 62
-6 -38 62
-8 -38 62
-8 -38 60
-6 -38 60
-6 -40 60
-6 -40 58
-6 -42 58
-4 -42 58
-4 -42 56
-2 -42 56
-2 -40 56
-2 -40 54
-2 -40 52
-4 -40 52
-4 -40 50
-4 -38 50
-4 -36 50
-2 -36 50
-2 -36 52
-4 -36 52
-4 -34 52
-2 -34 52
-2 -32 52
-2 -32 54
0 -32 54
2 -32 54
2 -30 54
2 -28 54
0 -28 54
0 -30 54
0 -30 52
-2 -30 52
-2 -30 54
-2 -30 56
0 -30 56
0 -28 56
0 -26 56
0 -26 58
0 -28 58
0 -30 58
2 -30 58
4 -30 58
4 -30 60
4 -32 60
2 -32 60
2 -32 58
4 -32 58
4 -32 56
6 -32 56
6 -34 56
6 -34 54
8 -34 54
8 -34 56
8 -36 56
8 -36 58
8 -38 58
8 -38 60
10 -38 60
10 -38 62
10 -38 64
10 -38 66
10 -40 66
10 -40 64
10 -42 64
10 -42 66
12 -42 66
12 -42 68
10 -42 68
10 -42 70
10 -42 72
12 -42 72
12 -42 70
14 -42 70
16 -42 70
16 -44 70
14 -44 70
12 -44 70
10 -44 70
10 -46 70
12 -46 70
12 -46 72
10 -46 72
10 -46 74
10 -44 74
10 -42 74
10 -40 74
10 -38 74
10 -38 76
12 -38 76
12 -38 78
12 -36 78
14 -36 78
14 -36 80
14 -34 80
16 -34 80
16 -36 80
16 -36 78
18 -36 78
20 -36 78
20 -34 78
20 -34 80
22 -34 80
22 -34 82
24 -34 82
24 -34 80
24 -32 80
22 -32 80
20 -32 80
20 -32 78
18 -32 78
18 -30 78
18 -28 78
16 -28 78
16 -28 76
16 -26 76
16 -26 74
18 -26 74
18 -26 72
18 -28 72
18 -30 72
16 -30 72
14 -30 72
12 -30 72
12 -30 74
10 -30 74
10 -32 74
10 -34 74
10 -34 72
12 -34 72
12 -32 72
10 -32 72
8 -32 72
8 -32 70
6 -32 70
6 -30 70
6 -30 68
6 -28 68
4 -28 68
4 -26 68
4 -26 66
4 -26 64
4 -28 64
4 -28 66
6 -28 66
6 -26 66
6 -24 66
6 -22 66
6 -22 68
8 -22 68
8 -24 68
10 -24 68
12 -24 68
12 -22 68
14 -22 68
14 -24 68
14 -24 66
12 -24 66
10 -24 66
10 -26 66
8 -26 66
8 -24 66
8 -22 66
10 -22 66
10 -22 64
10 -22 62
10 -22 60
10 -20 60
10 -20 58
10 -18 58
12 -18 58
12 -18 60
12 -20 60
12 -22 60
12 -22 62
12 -22 64
12 -22 66
14 -22 66
14 -20 66
14 -20 64
14 -20 62
16 -20 62
18 -20 62
18 -20 64
18 -22 64
18 -22 66
18 -20 66
16 -20 66
16 -20 64
16 -22 64
16 -22 66
16 -22 68
16 -22 70
16 -20 70
16 -20 72
18 -20 72
18 -20 70
18 -20 68
18 -22 68
18 -22 70
20 -22 70
20 -22 72
22 -22 72
22 -22 70
22 -24 70
22 -24 68
22 -24 66
24 -24 66
24 -22 66
22 -22 66
22 -22 68
24 -22 68
24 -22 70
26 -22 70
26 -20 70
28 -20 70
28 -22 70
28 -22 68
28 -24 68
30 -24 68
30 -24 70
32 -24 70
32 -22 70
32 -22 68
32 -20 68
32 -20 66
30 -20 66
30 -20 64
32 -20 64
32 -18 64
32 -16 64
32 -14 64
30 -14 64
30 -14 62
32 -14 62
32 -12 62
30 -12 62
30 -10 62
30 -10 60
28 -10 60
28 -8 60
28 -8 62
28 -10 62
28 -12 62
26 -12 62
26 -12 64
28 -12 64
28 -14 64
26 -14 64
26 -16 64
28 -16 64
28 -18 64
26 -18 64
26 -18 62
26 -20 62
28 -20 62
28 -20 60
28 -18 60
28 -16 60
28 -16 58
28 -18 58
26 -18 58
26 -20 58
26 -22 58
28 -22 58
28 -24 58
30 -24 58
30 -22 58
30 -22 56
30 -24 56
30 -24 54
30 -22 54
30 -20 54
32 -20 54
34 -20 54
34 -18 54
34 -18 52
34 -16 52
34 -16 50
36 -16 50
38 -16 50
38 -16 52
40 -16 52
40 -16 54
38 -16 54
36 -16 54
36 -16 56
36 -16 58
34 -16 58
34 -18 58
34 -18 56
32 -18 56
32 -18 58
30 -18 58
30 -18 60
32 -18 60
32 -18 62
32 -20 62
32 -22 62
32 -22 60
32 -22 58
32 -24 58
34 -24 58
34 -26 58
36 -26 58
36 -24 58
38 -24 58
38 -24 56
38 -26 56
36 -26 56
36 -28 56
34 -28 56
34 -28 58
36 -28 58
36 -30 58
38 -30 58
38 -28 58
38 -28 60
38 -30 60
38 -30 62
36 -30 62
36 -32 62
36 -32 60
38 -32 60
38 -32 62
40 -32 62
40 -32 64
42 -32 64
42 -30 64
44 -30 64
46 -30 64
46 -32 64
46 -32 66
46 -32 68
46 -30 68
46 -30 66
44 -30 66
42 -30 66
42 -32 66
42 -34 66
42 -36 66
40 -36 66
40 -38 66
40 -38 64
40 -36 64
40 -34 64
38 -34 64
38 -32 64
36 -32 64
36 -32 66
34 -32 66
34 -32 64
34 -32 62
34 -32 60
34 -34 60
36 -34 60
38 -34 60
38 -34 62
36 -34 62
36 -36 62
36 -36 60
36 -36 58
36 -38 58
36 -38 56
36 -38 54
34 -38 54
34 -40 54
34 -40 56
36 -40 56
36 -40 54
36 -42 54
34 -42 54
34 -42 52
34 -40 52
34 -40 50
32 -40 50
32 -40 52
32 -38 52
34 -38 52
34 -38 50
36 -38 50
36 -36 50
36 -34 50
36 -34 48
36 -36 48
36 -38 48
36 -40 48
38 -40 48
38 -40 50
38 -40 52
40 -40 52
40 -38 52
40 -38 54
40 -38 56
42 -38 56
42 -40 56
40 -40 56
40 -40 54
40 -42 54
40 -42 52
40 -42 50
40 -44 50
42 -44 50
42 -44 48
42 -42 48
44 -42 48
44 -44 48
44 -44 46
44 -44 44
42 -44 44
42 -42 44
42 -42 42
42 -44 42
42 -44 40
44 -44 40
44 -44 42
44 -46 42
44 -46 40
42 -46 40
42 -46 38
42 -48 38
40 -48 38
40 -48 36
42 -48 36
42 -48 34
42 -50 34
42 -50 32
42 -50 30
40 -50 30
40 -50 28
40 -48 28
40 -48 26
40 -48 24
38 -48 24
38 -50 24
38 -50 26
38 -50 28
38 -52 28
38 -54 28
38 -56 28
38 -56 30
36 -56 30
36 -56 32
38 -56 32
38 -56 34
38 -58 34
36 -58 34
36 -58 36
34 -58 36
34 -56 36
32 -56 36
32 -56 34
30 -56 34
30 -54 34
30 -54 36
30 -54 38
30 -54 40
28 -54 40
28 -52 40
30 -52 40
30 -52 42
30 -52 44
30 -54 44
30 -54 42
30 -56 42
30 -56 44
30 -56 46
30 -56 48
30 -56 50
28 -56 50
28 -56 52
28 -58 52
28 -58 50
26 -58 50
26 -60 50
26 -62 50
28 -62 50
28 -64 50
28 -64 52
30 -64 52
32 -64 52
34 -64 52
34 -64 54
34 -66 54
34 -66 56
34 -64 56
34 -64 58
34 -64 60
34 -62 60
34 -60 60
34 -58 60
34 -58 58
32 -58 58
32 -60 58
32 -60 56
30 -60 56
30 -60 54
30 -60 52
30 -60 50
30 -58 50
32 -58 50
32 -60 50
32 -60 48
32 -60 46
32 -62 46
32 -64 46
34 -64 46
34 -64 44
34 -64 42
34 -62 42
34 -62 44
34 -62 46
36 -62 46
36 -62 48
36 -64 48
36 -66 48
38 -66 48
38 -64 48
38 -64 46
38 -66 46
40 -66 46
40 -66 44
40 -68 44
42 -68 44
44 -68 44
44 -66 44
44 -66 46
44 -66 48
44 -66 50
44 -68 50
44 -68 52
42 -68 52
42 -70 52
40 -70 52
40 -72 52
42 -72 52
42 -72 50
42 -74 50
40 -74 50
40 -76 50
40 -76 48
40 -74 48
40 -72 48
40 -72 50
38 -72 50
36 -72 50
36 -74 50
34 -74 50
34 -74 48
36 -74 48
36 -74 46
36 -74 44
34 -74 44
32 -74 44
32 -74 46
34 -74 46
34 -76 46
34 -76 44
34 -76 42
34 -78 42
34 -78 44
34 -78 46
36 -78 46
36 -78 44
38 -78 44
38 -78 42
38 -78 40
40 -78 40
42 -78 40
42 -80 40
42 -80 38
44 -80 38
44 -78 38
44 -76 38
44 -76 40
44 -78 40
44 -78 42
44 -78 44
44 -80 44
44 -80 42
44 -82 42
44 -84 42
46 -84 42
46 -84 44
46 -82 44
48 -82 44
48 -82 42
50 -82 42
50 -80 42
50 -80 40
50 -80 38
50 -80 36
52 -80 36
52 -80 34
52 -82 34
52 -82 32
52 -84 32
50 -84 32
50 -84 34
50 -82 34
50 -80 34
50 -78 34
48 -78 34
48 -78 32
48 -76 32
46 -76 32
46 -74 32
46 -74 30
48 -74 30
48 -76 30
48 -78 30
46 -78 30
46 -78 28
46 -80 28
48 -80 28
48 -80 30
46 -80 30
44 -80 30
44 -78 30
42 -78 30
40 -78 30
40 -76 30
40 -74 30
40 -72 30
38 -72 30
38 -72 28
38 -70 28
40 -70 28
40 -70 30
40 -68 30
42 -68 30
42 -66 30
44 -66 30
46 -66 30
48 -66 30
48 -68 30
48 -70 30
48 -70 32
50 -70 32
50 -70 30
52 -70 30
52 -70 32
52 -72 32
50 -72 32
50 -72 34
50 -74 34
50 -76 34
48 -76 34
46 -76 34
46 -74 34
46 -74 36
46 -74 38
46 -72 38
48 -72 38
48 -74 38
48 -76 38
48 -76 36
48 -74 36
50 -74 36
50 -72 36
50 -70 36
48 -70 36
48 -70 38
46 -70 38
46 -68 38
46 -66 38
46 -66 40
46 -66 42
46 -66 44
46 -68 44
46 -70 44
46 -70 42
44 -70 42
44 -72 42
46 -72 42
46 -72 40
46 -70 40
48 -70 40
50 -70 40
52 -70 40
52 -72 40
52 -74 40
52 -74 42
54 -74 42
54 -72 42
54 -72 44
54 -72 46
56 -72 46
56 -72 44
56 -70 44
54 -70 44
52 -70 44
52 -68 44
50 -68 44
50 -70 44
50 -72 44
52 -72 44
52 -74 44
50 -74 44
50 -76 44
50 -76 46
50 -76 48
48 -76 48
46 -76 48
46 -76 46
44 -76 46
42 -76 46
42 -74 46
42 -72 46
42 -72 44
44 -72 44
46 -72 44
48 -72 44
48 -74 44
46 -74 44
46 -74 42
44 -74 42
42 -74 42
42 -74 40
42 -72 40
42 -70 40
40 -70 40
38 -70 40
38 -70 38
38 -68 38
38 -68 36
38 -68 34
38 -70 34
38 -70 32
38 -70 30
36 -70 30
36 -68 30
36 -68 28
36 -66 28
36 -66 26
36 -64 26
38 -64 26
38 -64 24
38 -64 22
40 -64 22
40 -64 24
42 -64 24
44 -64 24
44 -64 22
42 -64 22
42 -66 22
42 -68 22
42 -68 24
42 -68 26
42 -70 26
42 -70 28
42 -72 28
44 -72 28
44 -72 30
42 -72 30
42 -74 30
42 -76 30
42 -76 32
40 -76 32
40 -78 32
40 -80 32
40 -82 32
40 -82 34
40 -80 34
40 -80 36
40 -80 38
38 -80 38
38 -80 40
40 -80 40
40 -80 42
38 -80 42
38 -82 42
38 -82 40
36 -82 40
36 -80 40
34 -80 40
34 -78 40
34 -76 40
34 -74 40
34 -74 38
36 -74 38
36 -74 36
34 -74 36
34 -72 36
34 -70 36
34 -70 34
34 -70 32
32 -70 32
32 -70 30
34 -70 30
34 -70 28
36 -70 28
36 -70 26
36 -70 24
36 -70 22
36 -72 22
36 -74 22
36 -74 20
36 -72 20
36 -72 18
38 -72 18
38 -72 20
40 -72 20
40 -72 18
40 -72 16
42 -72 16
42 -70 16
42 -70 14
42 -72 14
44 -72 14
44 -74 14
42 -74 14
42 -74 12
40 -74 12
38 -74 12
38 -76 12
38 -76 10
38 -78 10
36 -78 10
34 -78 10
34 -76 10
34 -76 12
36 -76 12
36 -76 14
36 -74 14
36 -72 14
34 -72 14
34 -72 16
36 -72 16
36 -70 16
34 -70 16
34 -68 16
34 -68 14
34 -66 14
36 -66 14
36 -68 14
38 -68 14
38 -68 16
40 -68 16
40 -66 16
42 -66 16
42 -64 16
40 -64 16
40 -64 14
40 -62 14
40 -62 16
40 -62 18
42 -62 18
44 -62 18
44 -64 18
44 -64 20
44 -62 20
44 -60 20
44 -58 20
44 -58 22
44 -58 24
44 -60 24
44 -60 26
46 -60 26
46 -60 24
46 -62 24
46 -62 22
44 -62 22
44 -60 22
46 -60 22
46 -60 20
46 -60 18
46 -58 18
46 -58 16
44 -58 16
42 -58 16
42 -58 14
40 -58 14
40 -58 12
40 -56 12
40 -56 14
38 -56 14
38 -58 14
38 -58 16
36 -58 16
36 -58 18
36 -60 18
38 -60 18
38 -58 18
38 -58 20
38 -56 20
40 -56 20
40 -54 20
38 -54 20
38 -54 18
36 -54 18
36 -54 20
36 -56 20
34 -56 20
34 -56 22
32 -56 22
30 -56 22
28 -56 22
28 -58 22
28 -58 20
28 -58 18
28 -60 18
28 -60 20
30 -60 20
32 -60 20
32 -58 20
30 -58 20
30 -58 18
30 -58 16
28 -58 16
26 -58 16
26 -58 18
26 -58 20
26 -58 22
26 -58 24
24 -58 24
22 -58 24
22 -58 26
22 -60 26
20 -60 26
20 -60 28
22 -60 28
22 -60 30
22 -60 32
22 -62 32
22 -64 32
22 -66 32
22 -68 32
20 -68 32
18 -68 32
18 -68 30
16 -68 30
14 -68 30
14 -66 30
14 -66 28
12 -66 28
12 -66 30
12 -64 30
12 -64 32
14 -64 32
16 -64 32
16 -66 32
16 -68 32
14 -68 32
14 -68 34
12 -68 34
12 -70 34
12 -70 32
14 -70 32
14 -70 34
14 -70 36
16 -70 36
16 -72 36
18 -72 36
18 -74 36
20 -74 36
20 -72 36
20 -72 38
20 -72 40
20 -70 40
20 -68 40
20 -68 42
20 -68 44
22 -68 44
22 -68 46
20 -68 46
18 -68 46
18 -70 46
20 -70 46
20 -72 46
20 -72 48
18 -72 48
18 -72 50
20 -72 50
20 -70 50
22 -70 50
22 -68 50
20 -68 50
20 -68 48
22 -68 48
24 -68 48
24 -68 46
24 -66 46
24 -66 44
24 -64 44
26 -64 44
26 -62 44
26 -62 42
28 -62 42
28 -62 44
28 -64 44
28 -64 46
28 -64 48
30 -64 48
32 -64 48
32 -66 48
34 -66 48
34 -66 46
34 -68 46
36 -68 46
36 -66 46
36 -64 46
36 -64 44
36 -66 44
38 -66 44
38 -64 44
38 -64 42
38 -62 42
38 -62 44
40 -62 44
40 -62 46
40 -62 48
42 -62 48
44 -62 48
44 -62 50
44 -62 52
44 -60 52
46 -60 52
46 -60 54
46 -62 54
46 -64 54
48 -64 54
48 -66 54
50 -66 54
50 -66 52
50 -66 50
52 -66 50
52 -64 50
52 -64 48
52 -66 48
50 -66 48
50 -66 46
48 -66 46
48 -66 44
48 -64 44
50 -64 44
52 -64 44
52 -62 44
52 -62 42
52 -64 42
50 -64 42
50 -66 42
48 -66 42
48 -64 42
46 -64 42
46 -64 44
44 -64 44
44 -64 46
42 -64 46
42 -66 46
42 -66 44
42 -66 42
42 -68 42
44 -68 42
44 -66 42
44 -66 40
44 -64 40
44 -62 40
44 -62 42
44 -64 42
42 -64 42
42 -64 44
40 -64 44
40 -64 46
40 -64 48
42 -64 48
42 -64 50
42 -66 50
42 -66 52
44 -66 52
46 -66 52
46 -66 50
46 -64 50
48 -64 50
48 -66 50
48 -66 52
48 -68 52
48 -68 50
48 -68 48
48 -68 46
50 -68 46
52 -68 46
52 -68 48
54 -68 48
54 -68 50
54 -70 50
54 -70 48
52 -70 48
50 -70 48
50 -72 48
50 -74 48
52 -74 48
52 -74 46
52 -76 46
52 -78 46
52 -80 46
50 -80 46
50 -80 48
48 -80 48
48 -80 46
48 -78 46
48 -78 44
48 -80 44
46 -80 44
46 -80 46
44 -80 46
42 -80 46
42 -80 48
42 -82 48
42 -84 48
42 -84 46
44 -84 46
46 -84 46
48 -84 46
48 -86 46
48 -86 44
48 -88 44
48 -88 46
50 -88 46
50 -86 46
50 -86 44
50 -86 42
52 -86 42
52 -86 44
52 -84 44
50 -84 44
50 -82 44
50 -80 44
50 -78 44
52 -78 44
54 -78 44
54 -78 46
56 -78 46
56 -78 48
58 -78 48
58 -78 50
60 -78 50
60 -76 50
60 -74 50
60 -74 48
60 -72 48
60 -70 48
62 -70 48
62 -68 48
62 -68 50
64 -68 50
66 -68 50
66 -70 50
66 -72 50
68 -72 50
68 -72 52
68 -70 52
68 -70 50
70 -70 50
70 -70 52
72 -70 52
72 -68 52
72 -68 50
74 -68 50
74 -68 48
76 -68 48
78 -68 48
80 -68 48
80 -66 48
82 -66 48
82 -64 48
84 -64 48
84 -64 50
84 -66 50
82 -66 50
80 -66 50
80 -66 52
80 -66 54
80 -66 56
82 -66 56
82 -68 56
82 -68 54
82 -68 52
82 -68 50
82 -68 48
84 -68 48
84 -68 46
84 -68 44
84 -68 42
86 -68 42
86 -70 42
84 -70 42
82 -70 42
82 -68 42
82 -68 44
82 -68 46
82 -66 46
80 -66 46
78 -66 46
78 -64 46
78 -64 44
76 -64 44
76 -64 42
76 -64 40
74 -64 40
74 -64 38
74 -66 38
72 -66 38
70 -66 38
70 -64 38
70 -64 40
70 -62 40
70 -62 38
70 -60 38
70 -60 36
70 -62 36
70 -64 36
70 -66 36
72 -66 36
72 -68 36
70 -68 36
70 -68 38
70 -70 38
70 -70 36
68 -70 36
68 -72 36
70 -72 36
70 -72 38
70 -74 38
70 -74 40
68 -74 40
68 -76 40
70 -76 40
70 -76 38
70 -76 36
70 -78 36
70 -78 38
70 -78 40
70 -78 42
72 -78 42
74 -78 42
74 -80 42
74 -80 40
74 -78 40
74 -78 38
74 -80 38
76 -80 38
78 -80 38
78 -82 38
76 -82 38
76 -82 36
76 -80 36
74 -80 36
72 -80 36
72 -78 36
74 -78 36
74 -76 36
72 -76 36
72 -74 36
74 -74 36
74 -74 34
74 -72 34
72 -72 34
