244.08 94.8 37.92
247.96 92.16 36.08
243.84 94.52 35.24
243.08 93.76 35.4
243.32 95 33.56
248.32 95.84 34.2
246.32 96.68 32.84
243.8 98.28 32.36
247.28 97.88 29.88
246.76 98.6 31.64
248.24 100.32 31.4
247 101.16 31.64
247.76 102 28.88
244.4 101.48 32.6
245.04 100.96 33.32
244.08 102.96 34.32
244.12 98.96 36.32
243.52 101.48 33.44
242.92 98 33.56
238.8 98.72 35.08
241.68 102.44 31.6
242.44 103.8 32.44
240.2 103.16 36.28
239.84 102.56 33.4
240.48 101.96 34.52
239.84 96.72 35.4
240.2 100.48 35.28
239.44 101.36 36.4
240.68 103.24 30.52
243.04 104.12 33.4
242.4 101 33.28
242.52 100.84 36.04
240.64 104.68 29.8
244.12 102.68 33.44
244.6 102.68 34.08
242.96 104.08 32.2
245.32 105.48 28.32
243.92 102.36 33.04
244.52 102.24 31.76
247.68 100.36 36.76
243.84 100.48 34.76
242.84 98.6 35.36
241.84 101.72 34.96
242.96 102.48 33.72
244.08 101.24 36.48
241.72 101.36 35.36
245.36 99.48 36.24
246.36 101 33.48
246.36 103.52 33.72
244.08 99.04 36.08
246.8 99.56 39.44
245.44 99.32 37.16
244.08 98.08 39.88
243.72 99.84 37.16
244.36 96.6 38.44
244 98.72 37.04
242.64 97.84 38.64
240.4 99.2 39.52
243.16 99.56 39.4
243.4 100.4 40.76
242.64 102.24 39.12
242.16 101.84 39.64
241.68 102.44 37.16
238.56 100.96 37.16
241.44 100.48 38.16
238.44 101.12 37.28
235.44 97.76 34.4
240.56 99.88 39.4
241.68 102 38.4
239.68 101.12 39.76
240.68 102.24 38.12
242.68 100.52 39.36
241.68 98.8 38.6
240.2 99.8 35
239.72 100.8 37.4
240 99.92 38.8
239.28 99.04 38.2
240.28 99.64 35.6
238.28 103.24 36
237.4 102 36.24
239.52 101.76 36.48
239.8 95.88 36.08
236.08 99 37.68
235.08 100.72 39.16
235.08 102.44 38.64
239.2 102.56 37.28
237.32 102.68 37.92
235.44 103.28 34.2
239.56 103.88 35.48
235.8 102.24 31.6
240.04 106.6 34.72
234.8 106.96 36.32
237.56 104.32 36.92
238.56 106.44 37.44
236.56 104.56 37.96
238.56 106.96 36.56
238.56 104.36 38.16
239.04 105 37.44
239.52 104.64 36.72
241.64 103.64 34.84
238.76 103.64 36.96
239.48 100.52 37.32
240.2 102.4 35.68
241.2 102.04 35.8
240.2 101.68 35.92
244.04 101.32 37.68
243.88 99.96 36.44
243.76 101.48 35.84
244.64 101 33.24
245 103.24 35.72
243.36 100.48 36.2
244.72 100.96 36.92
243.08 102.44 38.64
246.2 102.32 38
243.32 103.2 37.36
243.56 99.2 40.2
246.8 101.2 42.04
247.8 103.2 40.16
246.8 104.2 44.28
242.56 100.84 41.56
244.32 99.48 40.84
245.96 99.36 39.84
243.6 98.24 41.84
244.6 101.12 38.72
244.6 98 34.6
244.72 101.64 40.48
245.84 98.28 44.36
242.24 100.92 40.48
240.64 97.56 40.6
239.8 100.92 40.72
240.96 100.28 37.84
237.12 101.64 38.08
238.28 102 40.32
236.92 102.48 39.6
236.56 100.96 37.88
237.92 103.36 35.28
236.28 100.76 36.68
240.88 102.48 32.68
235.48 102.2 37.68
239.84 103.92 36.2
240.2 101.64 36.72
241.44 105.48 35.36
240.68 106.32 33
239.8 104.84 31.88
239.92 104.36 32.76
241.88 104.36 32.76
241.84 105.36 34.76
243.68 106.72 34
247.52 106.08 33.24
247 101.6 33.48
246.48 105.12 36.72
245.52 105.12 36.72
246.56 107.12 34.72
244.32 103.4 34.96
244.08 101.68 38.2
245.44 106.4 34.72
245.8 105.12 35.24
243.56 106.96 33.48
245.32 108.8 35.72
246.72 105.92 35
242.12 109.04 30.28
242.52 106.32 34.16
242.92 103.6 34.04
239.92 106.08 34.56
241.92 105.56 31.08
241.88 108.56 32.08
245.84 107.56 31.08
244.2 104.08 33.8
244.56 105.6 34.52
245.32 105.24 36.36
248.08 102.88 38.2
244.44 102.64 37.04
247.8 102.4 41.88
244.04 102.28 41.24
246.28 104.16 40.6
245.4 100.8 40.24
248.52 103.44 33.88
247.64 102.8 38
248.76 99.16 40.12
246.76 104.44 40.24
246.76 100.72 39.36
247.4 101.96 39.6
247.04 99.2 38.84
248.56 105.56 40.12
246.08 103.92 36.4
246.96 104.04 40.92
241.84 102.16 37.44
245.6 102.52 34.8
240.36 105.88 37.16
245.36 107 38
246.36 103.12 41.84
243 104.12 37.84
242.64 110.12 38.84
239.16 104.12 42.08
237.68 104.12 43.32
241.32 99.76 39.56
240.96 103.4 39.8
238.72 104.4 37.68
239.48 104.4 41.56
237.36 105.8 41.8
240.24 102.2 42.04
240.84 101.84 43.4
240.44 101.48 40.76
241.92 102.24 41.88
243.4 101 46
240.92 100.48 39.4
237.44 97.96 40.8
236.6 102.32 43.56
239.76 101.68 40.32
239 105.4 39.32
239.24 105.12 39.32
239.6 106.12 39.48
239.96 105.12 38.64
243.44 101.12 37.52
242.92 105.12 41.4
239.8 105.24 38.4
242.68 103.36 34.4
241.68 104.24 38.4
237.68 103.12 41.4
243.2 103.88 36.92
239.72 102.64 36.44
241 106.24 36.32
238.28 105.84 38.2
237.04 103.08 36.04
237.8 108.32 39.88
236.04 107.08 42.12
239.28 107.84 40.36
239.04 105.36 39.96
237.8 103.88 41.56
237.04 103.52 41.8
236.28 104.16 41.04
238.92 104.04 41.28
237.56 103.92 40.52
238.04 105.64 40.16
237.52 103.36 38.8
237.12 102.84 43.28
236.72 103.32 44.76
239.2 109.04 48.12
240.68 108.76 44.48
240.52 112 42.36
243.36 108.24 43.24
243.08 108.24 44
245.8 110.24 40.76
244.4 109.72 45.24
247 110.2 43.72
247 111.08 42.24
245 109.96 42.76
246.48 108.48 41.16
246.96 111 39.56
249.2 109.16 40.2
250.44 104.32 40.84
248.08 104.84 41.12
250.72 103.36 40.4
247.36 106.6 35.64
247 105.84 39.88
247 103.96 39.24
243 109.08 40.6
248.6 107.68 40.24
248.2 109.28 38.88
248.56 104.44 38.76
248.92 105.6 37.64
249.52 105 39
250.12 104.4 38.36
252 100.8 39.08
249.88 101.2 40.8
248.16 99.08 44.4
248.44 100.96 41
251.48 104.96 45
247.52 102.96 41
243.04 100.24 40.24
245.56 100.52 45.48
243.84 101 42.72
244.12 100.48 43.96
245.12 105.32 46.08
245.12 100.16 45.2
242 103.4 45.36
243.88 103.64 40.52
243.88 103.88 42.4
240.88 103.12 42.28
244.64 107.12 40.76
243.4 103.12 47.24
243.76 106.36 43.52
247.12 102.6 44.8
242.36 105.72 42.92
244.6 104.84 42.04
243.36 104.6 42.04
243.12 103.36 43.04
244 104.48 43.92
243.88 105.6 40.8
242.4 107.48 38.44
240.92 104.36 40.08
242.04 105.6 42.72
242.16 106.84 36.36
242.04 108.68 38
244.92 111.52 35.64
247.76 112.76 39
246.6 110 38.36
242.96 109.48 41.08
246.32 108.96 41.8
244.2 110.6 40.04
245.08 110.24 41.28
242.24 109.36 43.64
240.4 108.48 45
241.56 111.12 41.76
242.72 108.76 44.52
241.12 110 42.04
239.52 109.24 40.56
238.64 109.84 38.96
239.76 111.44 40.36
240.6 109.8 39.48
240.44 112.16 41.6
244.68 112.4 41.84
240.92 113.64 37.08
239.64 112.52 38.48
243.36 111.4 37.88
244.12 114.16 38.04
242.88 109.92 37.2
246.24 109.08 35.96
243.6 109.24 36.72
243 107.76 34.84
242.4 108.28 34.96
241.68 108.4 36.96
241.96 106.52 34.96
242.32 107.8 36.44
237.68 109.08 38.92
242.68 109.2 39.4
240.68 107.32 35.88
239.92 108.16 40.24
243.16 108 40.6
242.52 108 39.6
240.88 110 41.6
243.72 110.76 38.24
246.56 110.52 41.88
246.56 107.04 36
246.56 108.56 40.12
247.44 107.44 39.12
244.32 108.32 38.12
244.32 108.56 38.12
250.32 104.8 39.12
247.84 107.04 39.36
245.36 109.28 38.6
244.84 108.88 38.48
244.32 110.48 40.36
245.04 113.84 38.24
246.76 109.2 38.12
246.04 111.56 37.6
243.32 112.92 40.08
243.32 112.04 39.84
243.32 111.16 40.6
247.56 110.92 42.24
249.8 112.68 35.88
244.32 109.32 38.16
243.84 109.96 34.44
244.24 108.6 37.92
247.64 109.24 35.4
244.4 110.12 38.16
240.16 110 38.92
242.68 111 38.28
241.2 111 36.64
240.44 109.64 41.12
242.68 110.28 40.6
239.68 108.56 38.2
238.68 107.84 39.8
243.32 106.32 43.52
240.96 106.8 42.24
240.6 107.8 43.48
235.24 109.8 45.72
237.88 107.28 41
237.52 105.76 41.28
235.28 109.12 36.44
240.04 111.48 36.6
235.64 108.6 36.88
239.24 107.72 38.16
239.72 107.36 38.88
242.2 110 39.6
237.6 109.52 41.08
237 107.04 43.56
242.6 111.64 42.92
238.2 111.24 41.28
240.92 111.12 41.88
241.64 110 41.48
243.48 104.64 45.72
244.32 107.28 42.96
249.92 107.68 43.6
243.52 108.08 45.24
248 105.84 44.96
247.48 103.6 45.68
245.76 107.96 45.68
245.04 107.32 44.68
246.52 105.2 43.32
248 106.08 44.96
246.24 107.96 44.24
247.48 106.84 41.52
247.6 107.44 40.28
248.72 108.04 42.04
250.48 107.8 39.64
246.24 108.56 42.24
246.12 107.16 42.96
247 108.76 44.68
245 108.36 46.68
246 108.96 43.68
249.4 109.48 49.04
243.8 110 46.4
244.56 109.48 45.16
245.32 109.96 44.92
243.32 109.96 44.56
244.32 108.96 43.2
243.96 108.08 46.72
242.6 108.2 46.24
246.6 114.92 47.84
242.6 110.64 44.44
244.76 111.4 43.68
241.92 111.16 42.92
241.92 109.56 44.2
245.92 112.96 43.48
243.16 111.96 42.72
242.4 108.96 43.96
241.76 110.44 46.68
242.12 109.92 46.4
243.24 110.4 44.8
244.36 110.88 44.2
242.24 113.12 43.84
243.12 112.36 42.48
243.76 112.36 41.76
244.4 114.36 42.04
240.04 111.24 39.32
242.68 113.12 39.6
239.2 113.24 37.48
239.72 113.36 42.36
241.24 113.24 39.72
238.76 112.12 39.08
242.52 112.88 41.92
239.28 111.64 42.76
237.4 111.76 43.64
237.52 110.88 46.52
236.88 109.64 38.68
237.24 110.4 36.84
240.48 109.56 41.84
238.72 111.72 41.84
238.84 110.08 38.96
240.96 112.44 41.08
239.2 112.56 41.32
242.44 112.68 44.56
241.2 110.56 41.44
238.96 111.44 40.32
239.12 109.8 39.32
240.28 113.16 41.32
238.92 110.32 39.56
236.56 108.48 42.8
238.44 109.6 40.28
237.32 107.72 42.76
239.8 112.44 44.12
239.28 111.16 42.48
237.28 113.8 43.84
239.28 111.44 44.2
238.4 111.08 43.44
236.52 107.72 46.68
238.24 106.36 45.32
243.96 110 45.96
238.48 111.72 41.2
239 110.44 41.44
242.12 109.04 46.32
239.24 110.64 44.2
238.08 114 42.96
241.92 112.36 43.72
241.44 112.96 42.96
241.96 114.56 45.2
242.44 115.32 42.6
241.92 113.08 43
243.8 115.48 42.52
240.68 112.88 41.04
243.4 112.36 42.68
244.12 113.84 39.32
245.6 114.72 40.92
248.08 112.6 41.52
242.48 112.84 41.64
242.88 113.08 42.76
244.28 112.8 42.76
239.68 116.52 41.76
238.96 115.88 42.28
238.24 114.24 38.8
